8.768600000000000000e+04 8.802100000000000000e+04 8.819600000000000000e+04 8.842600000000000000e+04 8.841200000000000000e+04 8.842500000000000000e+04 8.787000000000000000e+04 8.793200000000000000e+04 8.834200000000000000e+04
4.279200000000000000e+04 4.392000000000000000e+04 4.367900000000000000e+04 4.318600000000000000e+04 4.362600000000000000e+04 4.400600000000000000e+04 4.324600000000000000e+04 4.396300000000000000e+04 4.291700000000000000e+04
4.511300000000000000e+04 4.412800000000000000e+04 4.436500000000000000e+04 4.526200000000000000e+04 4.417900000000000000e+04 4.440700000000000000e+04 4.538500000000000000e+04 4.527300000000000000e+04 4.439200000000000000e+04
1.212500000000000000e+04 1.221800000000000000e+04 1.221000000000000000e+04 1.225200000000000000e+04 1.198600000000000000e+04 1.267100000000000000e+04 1.192400000000000000e+04 1.169000000000000000e+04 1.266400000000000000e+04
4.515000000000000000e+03 4.471000000000000000e+03 5.124000000000000000e+03 4.219000000000000000e+03 3.957000000000000000e+03 5.048000000000000000e+03 4.769000000000000000e+03 4.518000000000000000e+03 4.542000000000000000e+03
9.712100000000000000e+04 9.726900000000000000e+04 9.685200000000000000e+04 9.742400000000000000e+04 9.726500000000000000e+04 9.641800000000000000e+04 9.680700000000000000e+04 9.677000000000000000e+04 9.751300000000000000e+04
3.899500000000000000e+04 3.893800000000000000e+04 3.994100000000000000e+04 3.924500000000000000e+04 3.910000000000000000e+04 4.016500000000000000e+04 3.986900000000000000e+04 3.937400000000000000e+04 3.947300000000000000e+04
1.135250000000000000e+05 1.133290000000000000e+05 1.136130000000000000e+05 1.131220000000000000e+05 1.134560000000000000e+05 1.142120000000000000e+05 1.142480000000000000e+05 1.133040000000000000e+05 1.143170000000000000e+05
1.066440000000000000e+05 1.062210000000000000e+05 1.067340000000000000e+05 1.065020000000000000e+05 1.057770000000000000e+05 1.065150000000000000e+05 1.054710000000000000e+05 1.061370000000000000e+05 1.059680000000000000e+05
8.831100000000000000e+04 8.777600000000000000e+04 8.789700000000000000e+04 8.809800000000000000e+04 8.790300000000000000e+04 8.844600000000000000e+04 8.788000000000000000e+04 8.838800000000000000e+04 8.769200000000000000e+04
1.342000000000000000e+03 2.006000000000000000e+03 1.946000000000000000e+03 2.423000000000000000e+03 2.512000000000000000e+03 1.737000000000000000e+03 1.780000000000000000e+03 2.458000000000000000e+03 2.210000000000000000e+03
9.684100000000000000e+04 9.635200000000000000e+04 9.702300000000000000e+04 9.675900000000000000e+04 9.692800000000000000e+04 9.674700000000000000e+04 9.680100000000000000e+04 9.655500000000000000e+04 9.702200000000000000e+04
9.023000000000000000e+04 8.997100000000000000e+04 9.076900000000000000e+04 9.076600000000000000e+04 9.063900000000000000e+04 9.076000000000000000e+04 9.043900000000000000e+04 9.101800000000000000e+04 9.075800000000000000e+04
2.750000000000000000e+02 1.500000000000000000e+01 4.770000000000000000e+02 2.690000000000000000e+02 9.790000000000000000e+02 8.540000000000000000e+02 1.025000000000000000e+03 1.490000000000000000e+02 1.140000000000000000e+02
8.658200000000000000e+04 8.635800000000000000e+04 8.745200000000000000e+04 8.704100000000000000e+04 8.738900000000000000e+04 8.754800000000000000e+04 8.630200000000000000e+04 8.696400000000000000e+04 8.657800000000000000e+04
1.239640000000000000e+05 1.245820000000000000e+05 1.238710000000000000e+05 1.236280000000000000e+05 1.242080000000000000e+05 1.239660000000000000e+05 1.243150000000000000e+05 1.243320000000000000e+05 1.244940000000000000e+05
4.220900000000000000e+04 4.184600000000000000e+04 4.244400000000000000e+04 4.170800000000000000e+04 4.239100000000000000e+04 4.214600000000000000e+04 4.203200000000000000e+04 4.203000000000000000e+04 4.239300000000000000e+04
1.774900000000000000e+04 1.710100000000000000e+04 1.798000000000000000e+04 1.742400000000000000e+04 1.766900000000000000e+04 1.699700000000000000e+04 1.753900000000000000e+04 1.729200000000000000e+04 1.780900000000000000e+04
5.608200000000000000e+04 5.592100000000000000e+04 5.662100000000000000e+04 5.629100000000000000e+04 5.618000000000000000e+04 5.661400000000000000e+04 5.672000000000000000e+04 5.626800000000000000e+04 5.610200000000000000e+04
7.280900000000000000e+04 7.356100000000000000e+04 7.311400000000000000e+04 7.355500000000000000e+04 7.289400000000000000e+04 7.230700000000000000e+04 7.289300000000000000e+04 7.244500000000000000e+04 7.241200000000000000e+04
1.201420000000000000e+05 1.205430000000000000e+05 1.200320000000000000e+05 1.200990000000000000e+05 1.202340000000000000e+05 1.202460000000000000e+05 1.200440000000000000e+05 1.199660000000000000e+05 1.204340000000000000e+05
7.141400000000000000e+04 7.129700000000000000e+04 7.193600000000000000e+04 7.138600000000000000e+04 7.124700000000000000e+04 7.149100000000000000e+04 7.213600000000000000e+04 7.221900000000000000e+04 7.152100000000000000e+04
1.074380000000000000e+05 1.077670000000000000e+05 1.067990000000000000e+05 1.071620000000000000e+05 1.072660000000000000e+05 1.077490000000000000e+05 1.075570000000000000e+05 1.074570000000000000e+05 1.072440000000000000e+05
3.377600000000000000e+04 3.376700000000000000e+04 3.461100000000000000e+04 3.419200000000000000e+04 3.451000000000000000e+04 3.498300000000000000e+04 3.407100000000000000e+04 3.371800000000000000e+04 3.494800000000000000e+04
2.865400000000000000e+04 2.910800000000000000e+04 2.900600000000000000e+04 2.866500000000000000e+04 2.883600000000000000e+04 2.889600000000000000e+04 2.881300000000000000e+04 2.876800000000000000e+04 2.871500000000000000e+04
1.086020000000000000e+05 1.089760000000000000e+05 1.090340000000000000e+05 1.079930000000000000e+05 1.084140000000000000e+05 1.082770000000000000e+05 1.080030000000000000e+05 1.081300000000000000e+05 1.088780000000000000e+05
1.982400000000000000e+04 1.965300000000000000e+04 1.947400000000000000e+04 2.053000000000000000e+04 1.965200000000000000e+04 1.968600000000000000e+04 2.011900000000000000e+04 1.947800000000000000e+04 1.973700000000000000e+04
1.259910000000000000e+05 1.255460000000000000e+05 1.249330000000000000e+05 1.252220000000000000e+05 1.251860000000000000e+05 1.250600000000000000e+05 1.253250000000000000e+05 1.251220000000000000e+05 1.248150000000000000e+05
7.653400000000000000e+04 7.661400000000000000e+04 7.675100000000000000e+04 7.617600000000000000e+04 7.706300000000000000e+04 7.691500000000000000e+04 7.630900000000000000e+04 7.725400000000000000e+04 7.630300000000000000e+04
5.277700000000000000e+04 5.307600000000000000e+04 5.211600000000000000e+04 5.209100000000000000e+04 5.228400000000000000e+04 5.204100000000000000e+04 5.227900000000000000e+04 5.254200000000000000e+04 5.217500000000000000e+04
1.220050000000000000e+05 1.212310000000000000e+05 1.212010000000000000e+05 1.209850000000000000e+05 1.214050000000000000e+05 1.218250000000000000e+05 1.213540000000000000e+05 1.213130000000000000e+05 1.217170000000000000e+05
4.870900000000000000e+04 4.878700000000000000e+04 4.917500000000000000e+04 4.900200000000000000e+04 4.848000000000000000e+04 4.839800000000000000e+04 4.907000000000000000e+04 4.905000000000000000e+04 4.838800000000000000e+04
7.253400000000000000e+04 7.293400000000000000e+04 7.315600000000000000e+04 7.243700000000000000e+04 7.248600000000000000e+04 7.256700000000000000e+04 7.312200000000000000e+04 7.267700000000000000e+04 7.262900000000000000e+04
1.017670000000000000e+05 1.025570000000000000e+05 1.028380000000000000e+05 1.018260000000000000e+05 1.017100000000000000e+05 1.028370000000000000e+05 1.020540000000000000e+05 1.024700000000000000e+05 1.024740000000000000e+05
1.150400000000000000e+05 1.156030000000000000e+05 1.151140000000000000e+05 1.151260000000000000e+05 1.147160000000000000e+05 1.148770000000000000e+05 1.150960000000000000e+05 1.154940000000000000e+05 1.146620000000000000e+05
3.167000000000000000e+03 3.554000000000000000e+03 3.345000000000000000e+03 2.785000000000000000e+03 3.231000000000000000e+03 2.722000000000000000e+03 2.859000000000000000e+03 3.504000000000000000e+03 3.245000000000000000e+03
4.728000000000000000e+03 5.152000000000000000e+03 4.280000000000000000e+03 4.211000000000000000e+03 3.985000000000000000e+03 4.127000000000000000e+03 4.533000000000000000e+03 3.965000000000000000e+03 4.897000000000000000e+03
8.861200000000000000e+04 8.866100000000000000e+04 8.982200000000000000e+04 8.866900000000000000e+04 8.916500000000000000e+04 8.900400000000000000e+04 8.865600000000000000e+04 8.979100000000000000e+04 8.878300000000000000e+04
4.065300000000000000e+04 4.064700000000000000e+04 4.126200000000000000e+04 4.103500000000000000e+04 4.060100000000000000e+04 4.108200000000000000e+04 4.082300000000000000e+04 4.069900000000000000e+04 4.042200000000000000e+04
4.734200000000000000e+04 4.686300000000000000e+04 4.677500000000000000e+04 4.733700000000000000e+04 4.761100000000000000e+04 4.670400000000000000e+04 4.749800000000000000e+04 4.683400000000000000e+04 4.751700000000000000e+04
2.038000000000000000e+04 1.957900000000000000e+04 2.000100000000000000e+04 1.969900000000000000e+04 1.992700000000000000e+04 1.999900000000000000e+04 1.992100000000000000e+04 2.058800000000000000e+04 2.039600000000000000e+04
5.499400000000000000e+04 5.449600000000000000e+04 5.507200000000000000e+04 5.459800000000000000e+04 5.566000000000000000e+04 5.471100000000000000e+04 5.565600000000000000e+04 5.483700000000000000e+04 5.503700000000000000e+04
6.277200000000000000e+04 6.247400000000000000e+04 6.317700000000000000e+04 6.247900000000000000e+04 6.229100000000000000e+04 6.274400000000000000e+04 6.328400000000000000e+04 6.323900000000000000e+04 6.248200000000000000e+04
1.148460000000000000e+05 1.147850000000000000e+05 1.152980000000000000e+05 1.152060000000000000e+05 1.145820000000000000e+05 1.153270000000000000e+05 1.148790000000000000e+05 1.150710000000000000e+05 1.150350000000000000e+05
1.073820000000000000e+05 1.074150000000000000e+05 1.072510000000000000e+05 1.072670000000000000e+05 1.071970000000000000e+05 1.073590000000000000e+05 1.072800000000000000e+05 1.069330000000000000e+05 1.069980000000000000e+05
2.466100000000000000e+04 2.544800000000000000e+04 2.522700000000000000e+04 2.554600000000000000e+04 2.561400000000000000e+04 2.530100000000000000e+04 2.516400000000000000e+04 2.528200000000000000e+04 2.574000000000000000e+04
1.248490000000000000e+05 1.259690000000000000e+05 1.253730000000000000e+05 1.253370000000000000e+05 1.252900000000000000e+05 1.257460000000000000e+05 1.257960000000000000e+05 1.253050000000000000e+05 1.250090000000000000e+05
7.414800000000000000e+04 7.483900000000000000e+04 7.447500000000000000e+04 7.449600000000000000e+04 7.411200000000000000e+04 7.440400000000000000e+04 7.438200000000000000e+04 7.372000000000000000e+04 7.382100000000000000e+04
1.116060000000000000e+05 1.114480000000000000e+05 1.109850000000000000e+05 1.116470000000000000e+05 1.106620000000000000e+05 1.117050000000000000e+05 1.112750000000000000e+05 1.106380000000000000e+05 1.109560000000000000e+05
6.621500000000000000e+04 6.629500000000000000e+04 6.627400000000000000e+04 6.612900000000000000e+04 6.667300000000000000e+04 6.688700000000000000e+04 6.703800000000000000e+04 6.696700000000000000e+04 6.657700000000000000e+04
1.051880000000000000e+05 1.046370000000000000e+05 1.041640000000000000e+05 1.048300000000000000e+05 1.050540000000000000e+05 1.048680000000000000e+05 1.051750000000000000e+05 1.044740000000000000e+05 1.042060000000000000e+05
3.301100000000000000e+04 3.309900000000000000e+04 3.253000000000000000e+04 3.341400000000000000e+04 3.329700000000000000e+04 3.333600000000000000e+04 3.290500000000000000e+04 3.293200000000000000e+04 3.322600000000000000e+04
3.281200000000000000e+04 3.248800000000000000e+04 3.353200000000000000e+04 3.313500000000000000e+04 3.334200000000000000e+04 3.274600000000000000e+04 3.352300000000000000e+04 3.260600000000000000e+04 3.302300000000000000e+04
3.278000000000000000e+04 3.307700000000000000e+04 3.321400000000000000e+04 3.343400000000000000e+04 3.275600000000000000e+04 3.269900000000000000e+04 3.368600000000000000e+04 3.341200000000000000e+04 3.325300000000000000e+04
4.585000000000000000e+04 4.647500000000000000e+04 4.660000000000000000e+04 4.547100000000000000e+04 4.569500000000000000e+04 4.651100000000000000e+04 4.637200000000000000e+04 4.582200000000000000e+04 4.664600000000000000e+04
6.553200000000000000e+04 6.499900000000000000e+04 6.586000000000000000e+04 6.522800000000000000e+04 6.480200000000000000e+04 6.525400000000000000e+04 6.493300000000000000e+04 6.586300000000000000e+04 6.476000000000000000e+04
5.853400000000000000e+04 5.943600000000000000e+04 5.881100000000000000e+04 5.908900000000000000e+04 5.822600000000000000e+04 5.947900000000000000e+04 5.849700000000000000e+04 5.930100000000000000e+04 5.852100000000000000e+04
1.398600000000000000e+04 1.398000000000000000e+04 1.360300000000000000e+04 1.363700000000000000e+04 1.360400000000000000e+04 1.316700000000000000e+04 1.330300000000000000e+04 1.318100000000000000e+04 1.385200000000000000e+04
6.258900000000000000e+04 6.315300000000000000e+04 6.296900000000000000e+04 6.231500000000000000e+04 6.269100000000000000e+04 6.238400000000000000e+04 6.228500000000000000e+04 6.248200000000000000e+04 6.304100000000000000e+04
6.092900000000000000e+04 6.112800000000000000e+04 6.086600000000000000e+04 6.082700000000000000e+04 6.088300000000000000e+04 6.209200000000000000e+04 6.207400000000000000e+04 6.108400000000000000e+04 6.209700000000000000e+04
9.168500000000000000e+04 9.190800000000000000e+04 9.128100000000000000e+04 9.210900000000000000e+04 9.164600000000000000e+04 9.223800000000000000e+04 9.206800000000000000e+04 9.155400000000000000e+04 9.156500000000000000e+04
1.217270000000000000e+05 1.210510000000000000e+05 1.219740000000000000e+05 1.218850000000000000e+05 1.210220000000000000e+05 1.210810000000000000e+05 1.209010000000000000e+05 1.213540000000000000e+05 1.208730000000000000e+05
9.694000000000000000e+03 9.279000000000000000e+03 9.679000000000000000e+03 9.451000000000000000e+03 9.519000000000000000e+03 9.381000000000000000e+03 1.032500000000000000e+04 9.878000000000000000e+03 9.920000000000000000e+03
1.236680000000000000e+05 1.243090000000000000e+05 1.246480000000000000e+05 1.244130000000000000e+05 1.243810000000000000e+05 1.245250000000000000e+05 1.245150000000000000e+05 1.240970000000000000e+05 1.236150000000000000e+05
6.503400000000000000e+04 6.592000000000000000e+04 6.563000000000000000e+04 6.550000000000000000e+04 6.531500000000000000e+04 6.549100000000000000e+04 6.576600000000000000e+04 6.531100000000000000e+04 6.508700000000000000e+04
3.657700000000000000e+04 3.722900000000000000e+04 3.714000000000000000e+04 3.744800000000000000e+04 3.675900000000000000e+04 3.718000000000000000e+04 3.667600000000000000e+04 3.637400000000000000e+04 3.686000000000000000e+04
1.466700000000000000e+04 1.485000000000000000e+04 1.438500000000000000e+04 1.455900000000000000e+04 1.428500000000000000e+04 1.442600000000000000e+04 1.442000000000000000e+04 1.471300000000000000e+04 1.516400000000000000e+04
5.249800000000000000e+04 5.276000000000000000e+04 5.266800000000000000e+04 5.294200000000000000e+04 5.238700000000000000e+04 5.293800000000000000e+04 5.197400000000000000e+04 5.300600000000000000e+04 5.308600000000000000e+04
1.450700000000000000e+04 1.458500000000000000e+04 1.493700000000000000e+04 1.544500000000000000e+04 1.501600000000000000e+04 1.440700000000000000e+04 1.522300000000000000e+04 1.545100000000000000e+04 1.493500000000000000e+04
2.720000000000000000e+02 9.470000000000000000e+02 5.810000000000000000e+02 7.380000000000000000e+02 1.283000000000000000e+03 6.830000000000000000e+02 1.950000000000000000e+02 1.169000000000000000e+03 2.600000000000000000e+02
1.019530000000000000e+05 1.025530000000000000e+05 1.016650000000000000e+05 1.017410000000000000e+05 1.021470000000000000e+05 1.026620000000000000e+05 1.015740000000000000e+05 1.016590000000000000e+05 1.017960000000000000e+05
9.769600000000000000e+04 9.892100000000000000e+04 9.893500000000000000e+04 9.791700000000000000e+04 9.766000000000000000e+04 9.782600000000000000e+04 9.872400000000000000e+04 9.832300000000000000e+04 9.772400000000000000e+04
7.928400000000000000e+04 7.943300000000000000e+04 7.903600000000000000e+04 7.936100000000000000e+04 7.869800000000000000e+04 7.951300000000000000e+04 7.968100000000000000e+04 7.888900000000000000e+04 7.876100000000000000e+04
1.167590000000000000e+05 1.161020000000000000e+05 1.168830000000000000e+05 1.162130000000000000e+05 1.164500000000000000e+05 1.168000000000000000e+05 1.164740000000000000e+05 1.158120000000000000e+05 1.168070000000000000e+05
5.572300000000000000e+04 5.572900000000000000e+04 5.532600000000000000e+04 5.477600000000000000e+04 5.523100000000000000e+04 5.490400000000000000e+04 5.526600000000000000e+04 5.549100000000000000e+04 5.472700000000000000e+04
1.144350000000000000e+05 1.155940000000000000e+05 1.154970000000000000e+05 1.145180000000000000e+05 1.153440000000000000e+05 1.143780000000000000e+05 1.156450000000000000e+05 1.146900000000000000e+05 1.150910000000000000e+05
1.530400000000000000e+04 1.527200000000000000e+04 1.484400000000000000e+04 1.471900000000000000e+04 1.495000000000000000e+04 1.485100000000000000e+04 1.524400000000000000e+04 1.437000000000000000e+04 1.449700000000000000e+04
1.565900000000000000e+04 1.641000000000000000e+04 1.617200000000000000e+04 1.584300000000000000e+04 1.600900000000000000e+04 1.643800000000000000e+04 1.643400000000000000e+04 1.645100000000000000e+04 1.614900000000000000e+04
4.826200000000000000e+04 4.921500000000000000e+04 4.898400000000000000e+04 4.823300000000000000e+04 4.857400000000000000e+04 4.831300000000000000e+04 4.813200000000000000e+04 4.841900000000000000e+04 4.869000000000000000e+04
5.025100000000000000e+04 5.043200000000000000e+04 5.024400000000000000e+04 4.937000000000000000e+04 5.012800000000000000e+04 4.930900000000000000e+04 5.016600000000000000e+04 5.052900000000000000e+04 4.936500000000000000e+04
1.551400000000000000e+04 1.532200000000000000e+04 1.491700000000000000e+04 1.551800000000000000e+04 1.434800000000000000e+04 1.460600000000000000e+04 1.475400000000000000e+04 1.492700000000000000e+04 1.552600000000000000e+04
1.312800000000000000e+04 1.340300000000000000e+04 1.318200000000000000e+04 1.390200000000000000e+04 1.299000000000000000e+04 1.387700000000000000e+04 1.421200000000000000e+04 1.419400000000000000e+04 1.361800000000000000e+04
1.225510000000000000e+05 1.223080000000000000e+05 1.233910000000000000e+05 1.232380000000000000e+05 1.228950000000000000e+05 1.232330000000000000e+05 1.225270000000000000e+05 1.228130000000000000e+05 1.230630000000000000e+05
9.115500000000000000e+04 9.196500000000000000e+04 9.223000000000000000e+04 9.201500000000000000e+04 9.119900000000000000e+04 9.140800000000000000e+04 9.203700000000000000e+04 9.171500000000000000e+04 9.237000000000000000e+04
1.163440000000000000e+05 1.161060000000000000e+05 1.157410000000000000e+05 1.164770000000000000e+05 1.158130000000000000e+05 1.163520000000000000e+05 1.161790000000000000e+05 1.159160000000000000e+05 1.159820000000000000e+05
4.391800000000000000e+04 4.298800000000000000e+04 4.342500000000000000e+04 4.294400000000000000e+04 4.361400000000000000e+04 4.404800000000000000e+04 4.282300000000000000e+04 4.307200000000000000e+04 4.309600000000000000e+04
1.144300000000000000e+05 1.153800000000000000e+05 1.154560000000000000e+05 1.152200000000000000e+05 1.145520000000000000e+05 1.148810000000000000e+05 1.150270000000000000e+05 1.149230000000000000e+05 1.154400000000000000e+05
6.406100000000000000e+04 6.401500000000000000e+04 6.382000000000000000e+04 6.422900000000000000e+04 6.417200000000000000e+04 6.350800000000000000e+04 6.354700000000000000e+04 6.358200000000000000e+04 6.375700000000000000e+04
1.011310000000000000e+05 1.003520000000000000e+05 1.010210000000000000e+05 1.008870000000000000e+05 1.006490000000000000e+05 1.005220000000000000e+05 1.008570000000000000e+05 1.011170000000000000e+05 1.003990000000000000e+05
6.409500000000000000e+04 6.349100000000000000e+04 6.440700000000000000e+04 6.432200000000000000e+04 6.407600000000000000e+04 6.461400000000000000e+04 6.452000000000000000e+04 6.456200000000000000e+04 6.471500000000000000e+04
5.339600000000000000e+04 5.346000000000000000e+04 5.329400000000000000e+04 5.422600000000000000e+04 5.362100000000000000e+04 5.408500000000000000e+04 5.319800000000000000e+04 5.323000000000000000e+04 5.379700000000000000e+04
1.170790000000000000e+05 1.174010000000000000e+05 1.179550000000000000e+05 1.169840000000000000e+05 1.181750000000000000e+05 1.172980000000000000e+05 1.182070000000000000e+05 1.170870000000000000e+05 1.175500000000000000e+05
8.292900000000000000e+04 8.331200000000000000e+04 8.362200000000000000e+04 8.269000000000000000e+04 8.264300000000000000e+04 8.254700000000000000e+04 8.257200000000000000e+04 8.322700000000000000e+04 8.250200000000000000e+04
8.282000000000000000e+04 8.332200000000000000e+04 8.264100000000000000e+04 8.291400000000000000e+04 8.250700000000000000e+04 8.337800000000000000e+04 8.272800000000000000e+04 8.244500000000000000e+04 8.255300000000000000e+04
5.252000000000000000e+03 6.483000000000000000e+03 5.643000000000000000e+03 5.583000000000000000e+03 6.395000000000000000e+03 6.291000000000000000e+03 5.338000000000000000e+03 5.391000000000000000e+03 6.342000000000000000e+03
9.444600000000000000e+04 9.416800000000000000e+04 9.433000000000000000e+04 9.444900000000000000e+04 9.446800000000000000e+04 9.401100000000000000e+04 9.440600000000000000e+04 9.423200000000000000e+04 9.394900000000000000e+04
1.263630000000000000e+05 1.265240000000000000e+05 1.268540000000000000e+05 1.262300000000000000e+05 1.268560000000000000e+05 1.261000000000000000e+05 1.265390000000000000e+05 1.269710000000000000e+05 1.263740000000000000e+05
4.330000000000000000e+02 4.380000000000000000e+02 9.790000000000000000e+02 1.137000000000000000e+03 1.201000000000000000e+03 3.900000000000000000e+02 3.700000000000000000e+01 1.250000000000000000e+03 5.340000000000000000e+02
4.449000000000000000e+03 4.236000000000000000e+03 4.700000000000000000e+03 4.586000000000000000e+03 4.665000000000000000e+03 3.971000000000000000e+03 5.183000000000000000e+03 4.919000000000000000e+03 4.255000000000000000e+03
1.025770000000000000e+05 1.027280000000000000e+05 1.027460000000000000e+05 1.025370000000000000e+05 1.024040000000000000e+05 1.016500000000000000e+05 1.017120000000000000e+05 1.026850000000000000e+05 1.023390000000000000e+05
