3.380000000000000000e+03
2.539000000000000000e+03
2.558000000000000000e+03
4.058000000000000000e+03
6.030000000000000000e+02
2.744000000000000000e+03
8.420000000000000000e+02
4.577000000000000000e+03
3.141000000000000000e+03
4.913000000000000000e+03
3.081000000000000000e+03
2.280000000000000000e+02
4.284000000000000000e+03
1.922000000000000000e+03
4.942000000000000000e+03
5.170000000000000000e+02
1.186000000000000000e+03
2.022000000000000000e+03
4.703000000000000000e+03
2.078000000000000000e+03
2.023000000000000000e+03
4.222000000000000000e+03
4.440000000000000000e+02
4.658000000000000000e+03
3.497000000000000000e+03
3.702000000000000000e+03
2.818000000000000000e+03
3.819000000000000000e+03
9.920000000000000000e+02
1.168000000000000000e+03
4.694000000000000000e+03
4.484000000000000000e+03
3.402000000000000000e+03
4.915000000000000000e+03
1.360000000000000000e+02
1.884000000000000000e+03
4.249000000000000000e+03
3.710000000000000000e+02
2.578000000000000000e+03
3.306000000000000000e+03
1.784000000000000000e+03
4.236000000000000000e+03
6.200000000000000000e+01
3.064000000000000000e+03
2.752000000000000000e+03
3.890000000000000000e+02
9.550000000000000000e+02
2.313000000000000000e+03
2.725000000000000000e+03
3.449000000000000000e+03
1.751000000000000000e+03
2.452000000000000000e+03
2.692000000000000000e+03
6.570000000000000000e+02
9.500000000000000000e+01
2.583000000000000000e+03
2.872000000000000000e+03
4.140000000000000000e+02
9.710000000000000000e+02
2.738000000000000000e+03
2.290000000000000000e+03
4.768000000000000000e+03
3.115000000000000000e+03
2.640000000000000000e+03
1.452000000000000000e+03
3.858000000000000000e+03
2.189000000000000000e+03
1.642000000000000000e+03
4.632000000000000000e+03
4.189000000000000000e+03
4.034000000000000000e+03
7.910000000000000000e+02
3.355000000000000000e+03
3.559000000000000000e+03
2.530000000000000000e+02
4.183000000000000000e+03
3.069000000000000000e+03
3.860000000000000000e+02
4.845000000000000000e+03
9.730000000000000000e+02
3.500000000000000000e+01
2.123000000000000000e+03
3.877000000000000000e+03
2.851000000000000000e+03
4.876000000000000000e+03
4.293000000000000000e+03
1.146000000000000000e+03
1.238000000000000000e+03
1.847000000000000000e+03
8.320000000000000000e+02
4.725000000000000000e+03
2.745000000000000000e+03
4.589000000000000000e+03
1.310000000000000000e+02
2.660000000000000000e+03
4.153000000000000000e+03
1.879000000000000000e+03
3.128000000000000000e+03
2.355000000000000000e+03
2.287000000000000000e+03
